Chemtool Version 1.6.12
geometry 1662 401
bonds 50
291	269	346	237	0	0	0
346	237	401	269	0	0	0
401	269	401	333	0	0	0
401	333	346	365	0	0	0
346	365	291	333	0	0	0
291	333	291	269	0	0	0
346	301	346	262	11	0	0
511	268	566	236	0	0	0
566	236	621	268	0	0	0
621	268	621	332	0	0	0
621	332	566	364	0	0	0
566	364	511	332	0	0	0
511	332	511	268	0	0	0
566	300	566	261	11	0	0
401	269	456	237	0	0	0
456	237	510	267	0	0	0
401	333	456	365	0	0	0
456	365	511	333	0	0	0
566	300	690	270	0	0	0
346	301	227	264	0	0	0
211	254	211	274	0	1	0
253	254	253	274	0	1	0
672	264	672	280	0	1	0
714	264	714	280	0	1	0
783	302	861	302	9	0	0
966	265	1021	233	0	0	0
1021	233	1076	265	0	0	0
1076	265	1076	329	0	0	0
1076	329	1021	361	0	0	0
1021	361	966	329	0	0	0
966	329	966	265	0	0	0
1021	297	1021	258	11	0	0
1076	265	1131	233	0	0	0
1076	329	1131	361	0	0	0
1021	297	902	260	0	0	0
886	250	886	270	0	1	0
928	250	928	270	0	1	0
1297	266	1352	234	0	0	0
1352	234	1407	266	0	0	0
1407	266	1407	330	0	0	0
1407	330	1352	362	0	0	0
1352	362	1297	330	0	0	0
1297	330	1297	266	0	0	0
1458	262	1458	278	0	1	0
1500	262	1500	278	0	1	0
1476	268	1352	296	0	0	0
1407	266	1352	234	1	0	0
1352	362	1407	330	1	0	0
1297	266	1242	234	4	0	0
1297	330	1243	362	4	0	0
atoms 19
690	270	Cl	0	0	1	4
227	264	Cl	0	0	1	4
456	237	O	0	0	1	4
456	365	O	0	0	1	4
200	280	2	0	0	0	5
725	289	2	0	0	0	5
902	260	Cl	0	0	1	4
875	276	2	0	0	0	5
1165	220	_	0	0	0	3
1193	200	_	0	0	0	3
1148	215	\_	0	0	0	3
1131	233	O^_	0	0	1	4
1131	361	O^.	0	0	1	4
1191	289	+	0	0	1	4
1476	268	Cl	0	0	1	4
1511	287	2	0	0	0	5
1242	234	O	0	0	1	4
1243	362	O	0	0	1	4
811	276	O_2^_^.	0	0	0	5
splines 16
211	254	211	249	216	244	221	244	0	0
243	244	248	244	253	249	253	254	0	0
211	274	211	279	216	284	221	284	0	0
243	284	248	284	253	279	253	274	0	0
672	264	672	259	677	254	682	254	0	0
704	254	709	254	714	259	714	264	0	0
672	280	672	285	677	290	682	290	0	0
704	290	709	290	714	285	714	280	0	0
886	250	886	245	891	240	896	240	0	0
918	240	923	240	928	245	928	250	0	0
886	270	886	275	891	280	896	280	0	0
918	280	923	280	928	275	928	270	0	0
1458	262	1458	257	1463	252	1468	252	0	0
1490	252	1495	252	1500	257	1500	262	0	0
1458	278	1458	283	1463	288	1468	288	0	0
1490	288	1495	288	1500	283	1500	278	0	0
scalefactors 10.668000 2
