Chemtool Version 1.6.12
geometry 642 341
bonds 24
150	214	205	182	0	0	0
205	182	260	214	0	0	0
260	214	260	278	0	0	0
260	278	205	310	0	0	0
205	310	150	278	0	0	0
150	278	150	214	0	0	0
205	246	205	207	11	0	0
370	213	425	181	0	0	0
425	181	480	213	0	0	0
480	213	480	277	0	0	0
480	277	425	309	0	0	0
425	309	370	277	0	0	0
370	277	370	213	0	0	0
425	245	425	206	11	0	0
260	214	315	182	0	0	0
315	182	369	212	0	0	0
260	278	315	310	0	0	0
315	310	370	278	0	0	0
425	245	549	215	0	0	0
205	246	86	209	0	0	0
70	199	70	219	0	1	0
112	199	112	219	0	1	0
531	209	531	225	0	1	0
573	209	573	225	0	1	0
atoms 6
549	215	Cl	0	0	1	4
86	209	Cl	0	0	1	4
315	182	O	0	0	1	4
315	310	O	0	0	1	4
59	225	n	0	0	1	4
584	234	n	0	0	1	4
splines 8
70	199	70	194	75	189	80	189	0	0
102	189	107	189	112	194	112	199	0	0
70	219	70	224	75	229	80	229	0	0
102	229	107	229	112	224	112	219	0	0
531	209	531	204	536	199	541	199	0	0
563	199	568	199	573	204	573	209	0	0
531	225	531	230	536	235	541	235	0	0
563	235	568	235	573	230	573	225	0	0
scalefactors 10.668000 4
