Chemtool Version 1.6.12
geometry 1152 222
bonds 17
186	139	241	171	0	0	0
241	171	296	139	0	0	0
296	139	350	171	2	0	0
445	151	509	151	0	0	0
509	151	573	151	3	0	0
667	135	722	167	0	0	0
722	167	777	135	0	0	0
722	167	777	135	1	0	0
920	147	952	92	0	0	0
952	92	1015	92	0	0	0
1015	92	1048	147	0	0	0
1048	147	1016	202	0	0	0
1016	202	953	202	0	0	0
953	202	920	147	0	0	0
984	147	964	113	11	0	0
920	147	856	147	0	0	0
1015	92	1047	37	0	0	0
atoms 3
1047	37	NH_2	0	0	0	4
83	141	R'	0	0	0	6
131	137	=	0	0	1	6
splines 0
scalefactors 10.668000 2
