Chemtool Version 1.6.12
geometry 2709 899
bonds 145
263	342	314	305	0	0	0
314	305	365	342	0	0	0
365	342	346	402	2	0	0
346	402	283	402	0	0	0
283	402	263	342	2	0	0
283	402	246	449	0	0	0
365	342	407	342	0	0	0
263	342	200	342	0	0	0
767	343	818	306	0	0	0
818	306	869	343	0	0	0
869	343	850	403	2	0	0
850	403	787	403	0	0	0
787	403	767	343	2	0	0
787	403	750	450	0	0	0
869	343	911	343	0	0	0
767	343	704	343	0	0	0
422	369	691	369	9	0	0
987	402	1316	402	9	0	0
1154	328	1208	298	0	0	0
1154	328	1099	296	0	0	0
1099	296	1099	232	0	0	0
1099	232	1153	200	0	0	0
1153	200	1207	230	0	0	0
1207	230	1208	298	0	0	0
1099	296	1081	356	0	0	0
1099	296	1037	296	0	0	0
1208	298	1272	298	0	0	0
1208	298	1227	358	0	0	0
1703	344	1754	307	0	0	0
1754	307	1805	344	0	0	0
1805	344	1786	404	2	0	0
1786	404	1723	404	0	0	0
1723	404	1703	344	2	0	0
1723	404	1686	451	0	0	0
1561	343	1612	306	0	0	0
1612	306	1663	343	0	0	0
1663	343	1644	403	2	0	0
1644	403	1581	403	0	0	0
1581	403	1561	343	2	0	0
1581	403	1544	450	0	0	0
1947	345	1896	308	0	0	0
1896	308	1845	345	0	0	0
1845	345	1864	405	1	0	0
1864	405	1927	405	0	0	0
1927	405	1947	345	1	0	0
1927	405	1964	452	0	0	0
1663	343	1705	343	0	0	0
1805	344	1845	345	0	0	0
1672	286	1683	286	0	1	0
1672	286	1672	438	0	1	0
1672	438	1683	438	0	1	0
1820	286	1831	286	0	1	0
1831	286	1831	438	0	1	0
1820	438	1831	438	0	1	0
1947	345	2011	345	0	0	0
1499	345	1454	303	0	0	0
1499	345	1487	407	0	0	0
1487	407	1426	428	0	0	0
1426	428	1378	386	0	0	0
1378	386	1390	326	0	0	0
1390	326	1454	303	0	0	0
1154	328	1122	383	0	0	0
1154	328	1184	382	0	0	0
1561	343	1497	343	0	0	0
1499	345	1531	291	0	0	0
1698	658	1749	621	0	0	0
1749	621	1800	658	0	0	0
1800	658	1781	718	2	0	0
1781	718	1718	718	0	0	0
1718	718	1698	658	2	0	0
1718	718	1681	765	0	0	0
1556	657	1607	620	0	0	0
1607	620	1658	657	0	0	0
1658	657	1639	717	2	0	0
1639	717	1576	717	0	0	0
1576	717	1556	657	2	0	0
1576	717	1539	764	0	0	0
1942	659	1891	622	0	0	0
1891	622	1840	659	0	0	0
1840	659	1859	719	1	0	0
1859	719	1922	719	0	0	0
1922	719	1942	659	1	0	0
1922	719	1959	766	0	0	0
1658	657	1700	657	0	0	0
1800	658	1840	659	0	0	0
1667	600	1678	600	0	1	0
1667	600	1667	752	0	1	0
1667	752	1678	752	0	1	0
1815	600	1826	600	0	1	0
1826	600	1826	752	0	1	0
1815	752	1826	752	0	1	0
1942	659	2006	659	0	0	0
1252	679	1222	625	0	0	0
1252	679	1220	734	0	0	0
1220	734	1156	734	0	0	0
1156	734	1124	679	0	0	0
1124	679	1154	626	0	0	0
1154	626	1222	625	0	0	0
1220	734	1279	753	0	0	0
1220	734	1219	796	0	0	0
1222	625	1223	561	0	0	0
1222	625	1283	607	0	0	0
1118	553	1143	553	0	1	0
1118	553	1118	818	0	1	0
1118	818	1143	818	0	1	0
2028	550	2053	550	0	1	0
2053	550	2053	815	0	1	0
2028	815	2053	815	0	1	0
1065	673	873	673	9	0	0
499	671	550	634	0	0	0
550	634	601	671	0	0	0
601	671	582	731	2	0	0
582	731	519	731	0	0	0
519	731	499	671	2	0	0
519	731	482	778	0	0	0
357	670	408	633	0	0	0
408	633	459	670	0	0	0
459	670	440	730	2	0	0
440	730	377	730	0	0	0
377	730	357	670	2	0	0
377	730	340	777	0	0	0
743	672	692	635	0	0	0
692	635	641	672	0	0	0
641	672	660	732	1	0	0
660	732	723	732	0	0	0
723	732	743	672	1	0	0
723	732	760	779	0	0	0
459	670	501	670	0	0	0
601	671	641	672	0	0	0
468	613	479	613	0	1	0
468	613	468	765	0	1	0
468	765	479	765	0	1	0
616	613	627	613	0	1	0
627	613	627	765	0	1	0
616	765	627	765	0	1	0
743	672	807	672	0	0	0
2285	542	2225	590	0	0	0
2225	590	2170	558	0	0	0
2170	558	2115	590	1	0	0
357	670	303	638	0	0	0
303	638	248	670	0	0	0
248	670	193	638	2	0	0
1556	657	1502	627	0	0	0
1502	627	1447	659	0	0	0
1447	659	1392	627	2	0	0
atoms 57
246	449	C_6H_{13}	0	0	1	3
750	450	C_6H_{13}	0	0	1	3
314	305	S	0	0	0	5
818	306	S	0	0	0	5
704	343	Br	0	0	0	5
407	342	Br	0	0	0	5
200	342	Br	0	0	0	5
484	344	(CH_3)_3CMgCl	0	0	1	4
539	394	THF	0	0	1	4
911	343	MgBr	0	0	1	5
1154	328	Ni	0	0	1	5
1208	298	P	0	0	1	4
1099	296	P	0	0	1	4
1037	296	Ph	0	0	1	4
1081	356	Ph	0	0	1	4
1272	298	Ph	0	0	1	4
1227	358	Ph	0	0	1	4
1686	451	C_6H_{13}	0	0	1	3
1754	307	S	0	0	0	5
1544	450	C_6H_{13}	0	0	1	3
1612	306	S	0	0	0	5
1964	452	C_6H_{13}	0	0	1	3
1896	308	S	0	0	0	5
1851	429	n	0	0	1	4
2011	345	Br	0	0	1	4
2285	542	MgBr	0	0	1	4
1499	345	Ni	0	0	1	5
1122	383	Cl	0	0	1	4
1184	382	Cl	0	0	1	4
1454	303	PPh_2	0	0	1	4
1487	407	PPh_2	0	0	1	4
1531	291	Br	0	0	1	4
1681	765	C_6H_{13}	0	0	1	3
1749	621	S	0	0	0	5
1539	764	C_6H_{13}	0	0	1	3
1607	620	S	0	0	0	5
1959	766	C_6H_{13}	0	0	1	3
1891	622	S	0	0	0	5
1846	743	n	0	0	1	4
2006	659	Br	0	0	1	4
1252	679	Ni	0	0	1	5
1222	625	P	0	0	1	4
1220	734	P	0	0	1	4
1219	796	Ph	0	0	1	4
1279	753	Ph	0	0	1	4
1223	561	Ph	0	0	1	4
1283	607	Ph	0	0	1	4
1358	683	+	0	0	1	5
947	651	MeOH	0	0	1	4
482	778	C_6H_{13}	0	0	1	3
550	634	S	0	0	0	5
340	777	C_6H_{13}	0	0	1	3
408	633	S	0	0	0	5
760	779	C_6H_{13}	0	0	1	3
692	635	S	0	0	0	5
647	756	n	0	0	1	4
807	672	Br	0	0	1	4
splines 1
2097	380	2415	372	2463	708	2127	732	2	0
scalefactors 10.668000 1
