Chemtool Version 1.6.12
geometry 2047 477
bonds 56
263	326	314	289	0	0	0
314	289	365	326	0	0	0
365	326	346	386	2	0	0
346	386	283	386	0	0	0
283	386	263	326	2	0	0
283	386	246	433	0	0	0
365	326	407	326	0	0	0
263	326	200	326	0	0	0
767	327	818	290	0	0	0
818	290	869	327	0	0	0
869	327	850	387	2	0	0
850	387	787	387	0	0	0
787	387	767	327	2	0	0
787	387	750	434	0	0	0
869	327	911	327	0	0	0
767	327	704	327	0	0	0
422	353	691	353	9	0	0
987	386	1316	386	9	0	0
1164	328	1218	298	0	0	0
1164	328	1109	296	0	0	0
1109	296	1109	232	0	0	0
1109	232	1163	200	0	0	0
1163	200	1217	230	0	0	0
1217	230	1218	298	0	0	0
1109	296	1091	356	0	0	0
1109	296	1047	296	0	0	0
1218	298	1282	298	0	0	0
1218	298	1237	358	0	0	0
1553	325	1604	288	0	0	0
1604	288	1655	325	0	0	0
1655	325	1636	385	2	0	0
1636	385	1573	385	0	0	0
1573	385	1553	325	2	0	0
1573	385	1536	432	0	0	0
1411	324	1462	287	0	0	0
1462	287	1513	324	0	0	0
1513	324	1494	384	2	0	0
1494	384	1431	384	0	0	0
1431	384	1411	324	2	0	0
1431	384	1394	431	0	0	0
1797	326	1746	289	0	0	0
1746	289	1695	326	0	0	0
1695	326	1714	386	1	0	0
1714	386	1777	386	0	0	0
1777	386	1797	326	1	0	0
1777	386	1814	433	0	0	0
1513	324	1555	324	0	0	0
1655	325	1695	326	0	0	0
1522	267	1533	267	0	1	0
1522	267	1522	419	0	1	0
1522	419	1533	419	0	1	0
1670	267	1681	267	0	1	0
1681	267	1681	419	0	1	0
1670	419	1681	419	0	1	0
1797	326	1861	326	0	0	0
1411	324	1347	324	0	0	0
atoms 26
246	433	C_6H_{13}	0	0	1	3
750	434	C_6H_{13}	0	0	1	3
314	289	S	0	0	0	5
818	290	S	0	0	0	5
704	327	Br	0	0	0	5
407	326	Br	0	0	0	5
200	326	Br	0	0	0	5
484	328	(CH_3)_3CMgCl	0	0	1	4
539	378	THF	0	0	1	4
911	327	MgBr	0	0	1	5
1164	328	Ni	0	0	1	5
1218	298	P	0	0	1	4
1109	296	P	0	0	1	4
1047	296	Ph	0	0	1	4
1091	356	Ph	0	0	1	4
1282	298	Ph	0	0	1	4
1237	358	Ph	0	0	1	4
1536	432	C_6H_{13}	0	0	1	3
1604	288	S	0	0	0	5
1394	431	C_6H_{13}	0	0	1	3
1462	287	S	0	0	0	5
1814	433	C_6H_{13}	0	0	1	3
1746	289	S	0	0	0	5
1701	410	n	0	0	1	4
1861	326	Br	0	0	1	4
1347	324	Br	0	0	1	4
splines 0
scalefactors 10.668000 2
