Chemtool Version 1.6.12
geometry 2967 518
bonds 92
1166	264	1230	264	0	0	0
1230	264	1262	319	0	0	0
1262	319	1230	374	0	0	0
1230	374	1166	374	0	0	0
1166	374	1134	319	0	0	0
1134	319	1166	264	0	0	0
1198	319	1217	285	11	0	0
1262	319	1326	319	0	0	0
1326	319	1326	255	0	0	0
1326	319	1326	383	0	0	0
1326	319	1390	319	4	0	0
1326	255	1358	201	0	0	0
1326	383	1358	437	0	0	0
1011	319	1075	319	3	0	0
1134	319	1071	319	0	0	0
1011	319	947	319	0	0	0
2474	263	2538	263	0	0	0
2538	263	2570	318	0	0	0
2570	318	2538	373	0	0	0
2538	373	2474	373	0	0	0
2474	373	2442	318	0	0	0
2442	318	2474	263	0	0	0
2506	318	2525	284	11	0	0
2570	318	2634	318	0	0	0
2634	318	2634	254	0	0	0
2634	318	2634	382	0	0	0
2634	318	2698	318	4	0	0
2634	254	2666	200	0	0	0
2634	382	2666	436	0	0	0
2319	318	2383	318	3	0	0
2442	318	2379	318	0	0	0
364	321	382	261	2	0	0
382	261	444	261	0	0	0
444	261	463	321	2	0	0
364	321	414	357	0	0	0
414	357	465	320	0	0	0
465	320	508	320	0	0	0
508	320	559	283	0	0	0
559	283	609	319	0	0	0
609	319	591	379	2	0	0
591	379	528	379	0	0	0
528	379	508	320	2	0	0
609	319	672	319	0	0	0
672	319	723	356	0	0	0
723	356	774	320	0	0	0
774	320	756	260	1	0	0
756	260	693	260	0	0	0
693	260	672	319	1	0	0
774	320	838	320	0	0	0
382	261	363	201	0	0	0
528	379	509	439	0	0	0
756	260	774	200	0	0	0
1858	321	1876	261	2	0	0
1876	261	1938	261	0	0	0
1938	261	1957	321	2	0	0
1858	321	1908	357	0	0	0
1908	357	1959	320	0	0	0
1959	320	2009	320	0	0	0
2009	320	2060	283	0	0	0
2060	283	2110	319	0	0	0
2110	319	2092	379	2	0	0
2092	379	2029	379	0	0	0
2029	379	2009	320	2	0	0
2110	319	2154	319	0	0	0
2154	319	2205	356	0	0	0
2205	356	2256	320	0	0	0
2256	320	2238	260	1	0	0
2238	260	2175	260	0	0	0
2175	260	2154	319	1	0	0
1876	261	1857	201	0	0	0
2029	379	2010	439	0	0	0
2238	260	2256	200	0	0	0
2319	318	2255	318	0	0	0
1422	319	1705	319	9	0	0
477	249	489	249	0	1	0
477	249	477	471	0	1	0
477	471	489	471	0	1	0
630	249	642	249	0	1	0
642	249	642	471	0	1	0
630	471	642	471	0	1	0
1983	248	1995	248	0	1	0
1983	248	1983	453	0	1	0
1983	453	1995	453	0	1	0
2111	248	2123	248	0	1	0
2123	248	2123	453	0	1	0
2111	453	2123	453	0	1	0
364	321	309	353	0	0	0
309	353	255	321	0	0	0
255	321	200	353	1	0	0
1858	321	1804	351	0	0	0
1804	351	1749	319	0	0	0
1749	319	1695	351	1	0	0
atoms 32
1451	278	PdCl_2(PPh_3)_2	0	0	1	4
1496	357	CuI,\Et_3N	0	0	1	4
1326	319	P	0	0	1	4
1326	255	O	0	0	1	4
1326	383	O	0	0	1	4
1390	319	O	0	0	1	4
1358	201	Et	0	0	1	4
1358	437	Et	0	0	1	4
947	319	H	0	0	1	4
2634	318	P	0	0	1	4
2634	254	O	0	0	1	4
2634	382	O	0	0	1	4
2698	318	O	0	0	1	4
2666	200	Et	0	0	1	4
2666	436	Et	0	0	1	4
414	357	S	0	0	1	4
559	283	S	0	0	1	4
723	356	S	0	0	1	4
838	320	Br	0	0	1	4
363	201	C_6H_{13}	0	0	1	4
509	439	C_6H_{13}	0	0	1	4
774	200	C_6H_{13}	0	0	1	4
897	316	+	0	0	1	6
1908	357	S	0	0	1	4
2060	283	S	0	0	1	4
2205	356	S	0	0	1	4
1857	201	C_6H_{13}	0	0	1	4
2010	439	C_6H_{13}	0	0	1	4
2256	200	C_6H_{13}	0	0	1	4
2143	431	n	0	0	1	5
665	454	n	0	0	1	5
1507	409	in\toluene	0	0	1	3
splines 0
scalefactors 10.668000 1
