Chemtool Version 1.6.12
geometry 2406 572
bonds 66
961	380	1025	380	3	0	0
961	380	897	380	0	0	0
2065	372	2129	372	3	0	0
2188	372	2125	372	0	0	0
294	382	312	322	2	0	0
312	322	374	322	0	0	0
374	322	393	382	2	0	0
294	382	344	418	0	0	0
344	418	395	381	0	0	0
395	381	458	381	0	0	0
458	381	509	344	0	0	0
509	344	559	380	0	0	0
559	380	541	440	2	0	0
541	440	478	440	0	0	0
478	440	458	381	2	0	0
559	380	622	380	0	0	0
622	380	673	417	0	0	0
673	417	724	381	0	0	0
724	381	706	321	1	0	0
706	321	643	321	0	0	0
643	321	622	380	1	0	0
724	381	788	381	0	0	0
312	322	293	262	0	0	0
478	440	459	500	0	0	0
706	321	724	261	0	0	0
1572	375	1590	315	2	0	0
1590	315	1652	315	0	0	0
1652	315	1671	375	2	0	0
1572	375	1622	411	0	0	0
1622	411	1673	374	0	0	0
1673	374	1736	374	0	0	0
1736	374	1787	337	0	0	0
1787	337	1837	373	0	0	0
1837	373	1819	433	2	0	0
1819	433	1756	433	0	0	0
1756	433	1736	374	2	0	0
1837	373	1900	373	0	0	0
1900	373	1951	410	0	0	0
1951	410	2002	374	0	0	0
2002	374	1984	314	1	0	0
1984	314	1921	314	0	0	0
1921	314	1900	373	1	0	0
1590	315	1571	255	0	0	0
1756	433	1737	493	0	0	0
1984	314	2002	254	0	0	0
2065	372	2001	372	0	0	0
1142	375	1425	375	9	0	0
1025	380	1088	380	0	0	0
427	290	439	290	0	1	0
427	290	427	520	0	1	0
427	520	439	520	0	1	0
585	290	597	290	0	1	0
597	290	597	520	0	1	0
585	520	597	520	0	1	0
1707	282	1719	282	0	1	0
1707	282	1707	507	0	1	0
1707	507	1719	507	0	1	0
1860	282	1872	282	0	1	0
1872	282	1872	507	0	1	0
1860	507	1872	507	0	1	0
294	382	239	414	0	0	0
239	414	185	384	0	0	0
185	384	130	416	1	0	0
1572	375	1517	407	0	0	0
1517	407	1462	375	0	0	0
1462	375	1408	405	1	0	0
atoms 21
1171	334	PdCl_2(PPh_3)_2	0	0	1	4
1216	413	CuI,\Et_3N	0	0	1	4
897	380	H	0	0	1	4
344	418	S	0	0	1	4
509	344	S	0	0	1	4
673	417	S	0	0	1	4
788	381	Br	0	0	1	4
293	262	C_6H_{13}	0	0	1	4
459	500	C_6H_{13}	0	0	1	4
724	261	C_6H_{13}	0	0	1	4
847	377	+	0	0	1	6
1622	411	S	0	0	1	4
1787	337	S	0	0	1	4
1951	410	S	0	0	1	4
1571	255	C_6H_{13}	0	0	1	4
1737	493	C_6H_{13}	0	0	1	4
2002	254	C_6H_{13}	0	0	1	4
1088	380	L	0	0	1	5
2188	372	L	0	0	1	5
620	500	n	0	0	1	5
1900	487	n	0	0	1	5
splines 0
scalefactors 10.668000 2
