Chemtool Version 1.6.12
geometry 1244 469
bonds 40
359	239	410	202	0	0	0
410	202	461	239	0	0	0
461	239	442	299	2	0	0
442	299	379	299	0	0	0
379	299	359	239	2	0	0
379	299	342	346	0	0	0
217	238	268	201	0	0	0
268	201	319	238	0	0	0
319	238	300	298	2	0	0
300	298	237	298	0	0	0
237	298	217	238	2	0	0
237	298	200	345	0	0	0
498	239	549	202	0	0	0
549	202	600	239	0	0	0
600	239	581	299	2	0	0
581	299	518	299	0	0	0
518	299	498	239	2	0	0
518	299	481	346	0	0	0
319	238	361	238	0	0	0
459	239	498	239	0	0	0
890	237	941	200	0	0	0
941	200	992	237	0	0	0
992	237	973	297	2	0	0
973	297	910	297	0	0	0
910	297	890	237	2	0	0
910	297	873	344	0	0	0
1029	237	1080	200	0	0	0
1080	200	1131	237	0	0	0
1131	237	1112	297	2	0	0
1112	297	1049	297	0	0	0
1049	297	1029	237	2	0	0
1049	297	1012	344	0	0	0
850	236	892	236	0	0	0
990	237	1029	237	0	0	0
850	236	798	273	0	0	0
798	273	748	235	0	0	0
748	235	767	176	2	0	0
767	176	830	176	0	0	0
830	176	850	236	2	0	0
830	176	868	130	0	0	0
atoms 14
342	346	C_6H_{13}	0	0	1	3
410	202	S	0	0	0	5
200	345	C_6H_{13}	0	0	1	3
268	201	S	0	0	0	5
481	346	C_6H_{13}	0	0	1	3
549	202	S	0	0	0	5
873	344	C_6H_{13}	0	0	1	3
941	200	S	0	0	0	5
1012	344	C_6H_{13}	0	0	1	3
1080	200	S	0	0	0	5
868	130	C_6H_{13}	0	0	1	3
798	273	S	0	0	0	5
347	427	HT-HT	0	0	1	6
911	420	HH-TH	0	0	1	6
splines 0
scalefactors 10.668000 2
