Chemtool Version 1.6.12
geometry 1852 421
bonds 38
857	314	1049	314	9	0	0
1076	313	1188	313	9	0	0
594	264	658	264	0	0	0
658	264	690	319	0	0	0
690	319	658	374	0	0	0
658	374	594	374	0	0	0
594	374	562	319	0	0	0
562	319	594	264	0	0	0
626	319	645	285	11	0	0
690	319	754	319	0	0	0
754	319	754	255	0	0	0
754	319	754	383	0	0	0
754	319	818	319	4	0	0
273	317	209	317	0	0	0
209	317	209	253	0	0	0
209	317	146	317	0	0	0
209	317	209	380	0	0	0
562	319	498	319	0	0	0
273	317	337	317	3	0	0
337	317	401	317	0	0	0
1460	259	1524	259	0	0	0
1524	259	1556	314	0	0	0
1556	314	1524	369	0	0	0
1524	369	1460	369	0	0	0
1460	369	1428	314	0	0	0
1428	314	1460	259	0	0	0
1492	314	1511	280	11	0	0
1556	314	1620	314	0	0	0
1620	314	1620	250	0	0	0
1620	314	1620	378	0	0	0
1620	314	1684	314	4	0	0
1305	314	1369	314	3	0	0
1428	314	1365	314	0	0	0
1305	314	1241	314	0	0	0
754	255	817	255	0	0	0
754	383	817	383	0	0	0
1620	250	1684	250	0	0	0
1620	378	1684	378	0	0	0
atoms 23
871	285	PdCl_2(PPh_3)_2	0	0	1	4
904	332	CuI,\Et_3N	0	0	1	4
1121	284	KF	0	0	1	4
754	319	P	0	0	1	4
754	255	O	0	0	1	4
754	383	O	0	0	1	4
818	319	O	0	0	1	4
209	317	Si	0	0	1	4
209	253	Me	0	0	1	4
209	380	Me	0	0	1	4
146	317	Me	0	0	1	4
498	319	Br	0	0	1	4
401	317	H	0	0	1	4
455	315	+	0	0	1	6
1620	314	P	0	0	1	4
1620	250	O	0	0	1	4
1620	378	O	0	0	1	4
1684	314	O	0	0	1	4
1241	314	H	0	0	1	4
817	255	Et	0	0	1	4
817	383	Et	0	0	1	4
1684	250	Et	0	0	1	4
1684	378	Et	0	0	1	4
splines 0
scalefactors 10.668000 1
