Chemtool Version 1.6.12
geometry 1992 421
bonds 38
857	314	1049	314	9	0	0
1076	313	1315	313	9	0	0
594	264	658	264	0	0	0
658	264	690	319	0	0	0
690	319	658	374	0	0	0
658	374	594	374	0	0	0
594	374	562	319	0	0	0
562	319	594	264	0	0	0
626	319	645	285	11	0	0
690	319	754	319	0	0	0
754	319	754	255	0	0	0
754	319	754	383	0	0	0
754	319	818	319	4	0	0
273	317	209	317	0	0	0
209	317	209	253	0	0	0
209	317	146	317	0	0	0
209	317	209	380	0	0	0
562	319	498	319	0	0	0
273	317	337	317	3	0	0
337	317	401	317	0	0	0
1587	259	1651	259	0	0	0
1651	259	1683	314	0	0	0
1683	314	1651	369	0	0	0
1651	369	1587	369	0	0	0
1587	369	1555	314	0	0	0
1555	314	1587	259	0	0	0
1619	314	1638	280	11	0	0
1683	314	1747	314	0	0	0
1747	314	1747	250	0	0	0
1747	314	1747	378	0	0	0
1747	314	1811	314	4	0	0
1432	314	1496	314	3	0	0
1555	314	1492	314	0	0	0
1432	314	1368	314	0	0	0
754	255	817	255	0	0	0
754	383	817	383	0	0	0
1747	250	1811	250	0	0	0
1747	378	1811	378	0	0	0
atoms 24
754	319	P	0	0	1	4
754	255	O	0	0	1	4
754	383	O	0	0	1	4
818	319	O	0	0	1	4
209	317	Si	0	0	1	4
209	253	Me	0	0	1	4
209	380	Me	0	0	1	4
146	317	Me	0	0	1	4
498	319	Br	0	0	1	4
401	317	H	0	0	1	4
455	315	+	0	0	1	6
1747	314	P	0	0	1	4
1747	250	O	0	0	1	4
1747	378	O	0	0	1	4
1811	314	O	0	0	1	4
1368	314	H	0	0	1	4
817	255	Et	0	0	1	4
817	383	Et	0	0	1	4
1811	250	Et	0	0	1	4
1811	378	Et	0	0	1	4
860	280	(Ph_3P)_2PdCl_2	0	0	1	4
881	338	CuI,\\HN|iPr_2	0	0	1	4
902	376	riflusso	0	0	1	4
1076	283	[\\|nBu_4N]F,\\THF	0	0	1	4
splines 0
scalefactors 10.668000 1
