Chemtool Version 1.6.12
geometry 1486 440
bonds 25
263	237	314	200	0	0	0
314	200	365	237	0	0	0
365	237	346	297	2	0	0
346	297	283	297	0	0	0
283	297	263	237	2	0	0
283	297	246	344	0	0	0
365	237	407	237	0	0	0
263	237	200	237	0	0	0
767	238	818	201	0	0	0
818	201	869	238	0	0	0
869	238	850	298	2	0	0
850	298	787	298	0	0	0
787	298	767	238	2	0	0
787	298	750	345	0	0	0
869	238	911	238	0	0	0
767	238	704	238	0	0	0
422	264	691	264	9	0	0
1288	235	1237	198	0	0	0
1237	198	1186	235	0	0	0
1186	235	1205	295	1	0	0
1205	295	1268	295	0	0	0
1268	295	1288	235	1	0	0
1268	295	1305	342	0	0	0
1288	235	1351	235	0	0	0
1186	235	1058	235	0	0	0
atoms 17
246	344	C_6H_{13}	0	0	1	3
750	345	C_6H_{13}	0	0	1	3
314	200	S	0	0	0	5
818	201	S	0	0	0	5
704	238	Br	0	0	0	5
407	237	Br	0	0	0	5
200	237	Br	0	0	0	5
484	239	(CH_3)_3CMgCl	0	0	1	4
539	289	THF	0	0	1	4
911	238	MgBr	0	0	1	5
1305	342	C_6H_{13}	0	0	1	3
1237	198	S	0	0	0	5
1351	235	Br	0	0	0	5
1058	235	MgBr	0	0	1	5
1018	253	+	0	0	0	6
1247	395	<\5%	0	0	1	5
797	400	>\95%	0	0	1	5
splines 0
scalefactors 10.668000 1
